0.02        977243          2
0.04        956934          2
0.06        936613          2
0.08        916255          2
0.1        895861          2
0.12        875430          2
0.14        854929          2
0.16        834400          3
0.18        813822          3
0.2        793166          3
0.22        772458          3
0.24        751673          3
0.26        730806          3
0.28        709845          3
0.3        688810          4
0.32        667652          4
0.34        646378          4
0.36        624991          4
0.38        603431          4
0.4        581737          5
0.42        559893          5
0.44        537799          5
0.46        515477          6
0.48        493005          6
0.5        470284          7
0.52        447174          7
0.54        423784          8
0.56        400123          9
0.58        375915          10
0.6        351355          11
0.62        326331          12
0.64        300589          15
0.66        274271          16
0.68        247289          19
0.7        219441          24
0.72        190589          30
0.74        160547          38
0.76        128972          53
0.78        96035          81
0.8        60861          162
0.82        22971          665
0.84        713          456
0.86        166          130
0.88        64          56
0.9        38          32
0.92        23          19
0.94        14          12
0.96        9          7
0.98        5          4
1           0          0