0.02        979997          3
0.04        959997          3
0.06        939998          2
0.08        919998          2
0.1        899997          3
0.12        879996          4
0.14        859996          4
0.16        839997          3
0.18        819995          5
0.2        799991          9
0.22        779989          11
0.24        759985          15
0.26        739984          16
0.28        719981          19
0.3        699978          22
0.32        679971          29
0.34        659954          46
0.36        639945          55
0.38        619925          76
0.4        599912          88
0.42        579894          106
0.44        559883          117
0.46        539856          144
0.48        519805          195
0.5        499745          255
0.52        479658          342
0.54        459586          414
0.56        439480          520
0.58        419384          616
0.6        399279          721
0.62        379120          880
0.64        358823          1177
0.66        338493          1507
0.68        318075          1926
0.7        297686          2314
0.72        277201          2451
0.74        256613          2462
0.76        235705          2470
0.78        214461          2469
0.8        192966          2475
0.82        171242          2479
0.84        149255          2457
0.86        126188          2457
0.88        101817          2474
0.9        76493          2512
0.92        49262          2464
0.94        15980          2482
0.96        97          2449
0.98        16          2495
1        0          1
